2       2       2       2      3     1 #2021.02.03  
3       2      2        3      3    2 #2021.03.04 
4       1      1         2     3    3 #2021.03.05 
2       2        3      2      1    2 #2021.03.06
2       2       2        3    2    4 #2021.03.07 
3      3        1       1     3    3 #2021.03.08
3      1        1       2    2    3 #2021.03.09
2      2        2       2    1     2 #2021.03.15
3      3        3       3    1    1 #2021.03.16
4     3        1       2     2    2 #2021.03.17
4     2        3      1     3     3 #2021.03.18
2     1       2       1     3     4 #2021.03.19
3     1      2        2     1     2 #2021.03.20
4     2      1       3      3      2 #2021.04.02
1     3      3       2     1      3 #2021.04.05
3     2     3       3      2     4 #2021.04.05
2    1      2      1      2     3 #2021.04.06
4     3      1     1      3     2 #2021.06.08
4     1       1     3     1    3 #2021.09.05
2     3      2      2     3   4 #2021.10.12
3     2     3      2      2   4 #2021.10.13
1     2    3      3       1   2 #2021.11.02
1     1    2      2       3   3 #2021.11.03
4     3    1      1      2    4 #2021.11.05
2     2   1      1      3     1 #2021.12.02
3     3   3      2     2     2 #2021.12.13
3     1    2     3    1     3 #2021.12.15
2      2   2      3   1     1 #2021.12.16
4      3   3      2    3    2 #2021.12.31
4      2    2     2     2   1 #2022.01.01
4    2       1     2     3    1  # 2022.02.01
3    1      2      1      3    1   #2022.0.02
1    2      3     2        1    1  #2022.02.04
1    2      3      3       2     2 #2022.02.06
2   2    3        3        3        1#2022.02.09
2   1      2      3        1         1 #2022.02.10
3   1     2     2           1        1 #2022.02.15
3   1    3       1           2        2#2022.02.20
4    1    2      3          3       1   #2022.03.10
4     1    3     2          2        1#2022.04.10
4    1     2     1       2            3#2022.05.10
4       2    1   1      3             1#2022.05.12
3      1      2   2     1             1 #2022.05.16
3       2      1    1     2            3#2022.06.10
2       1      3     2     1           2#2022.06.12
2        3      1     3     3          1#2022.06.15
1         1      2    2     2           2#2022.06.20
1         3       1    3    1           2#2022.06.30
4        2        1      2   1          1  #2022.07.01
1       3          2     1    2         3   #2022.08.10

